問１．	次の2進数を16進数へ変換しなさい。（電卓禁止）
( 1001)2 = (              ) 16  ( 1101)2 = (              ) 16 
( 1111)2 = (              ) 16  ( 1100)2 = (              ) 16  
( 0110)2 = (              ) 16  ( 1010)2 = (              ) 16
(0101 1010)2 = (              ) 16  ( 0001 0001)2 = (              ) 16  
(0110 1001)2 = (              ) 16  ( 1100 0011)2 = (              ) 16  
(0001 1110)2 = (              ) 16  ( 1111 1111)2 = (              ) 16  
(1101 0010)2 = (              ) 16  ( 1000 1110)2 = (              ) 16  
(1101 1111)2 = (              ) 16  ( 0011 1010)2 = (              ) 16  
(1100 0101)2 = (              ) 16  ( 0001 1111)2 = (              ) 16  
(1111 1111 1111 1110)2 = (              ) 16  
(1100 0101 0011 0001)2 = (              ) 16  
(1101 1100 0011 1111)2 = (              ) 16  
(1010 0101 0011 0110)2 = (              ) 16  
(0001 0001 1101 1001)2 = (              ) 16  
(0001 1111 1110 0111)2 = (              ) 16  
(1110 1100 1101 0010)2 = (              ) 16  
(0011 0110 1001 1000)2 = (              ) 16  
(1111 1110 0111 0000)2 = (              ) 16  
(0101 1010 1011 0100)2 = (              ) 16  
